9780819134745 10229148
9780819134738 10229148
9780899064697 11664484
9780899064680 11664484
9780881250756 11843000
9780773497627 123223183
9780845348147 15589378
9789540721224 163576745
9780819165770 16683872
9780819165763 16683872
9780670821686 16716469
9780845348109 17296321
9789653380455 179892918
9780814333976 191024007
9780297795599 20109296
9780465011193 209637228
9780814774328 21036835
9780814774083 21036835
9780805013467 21195230
9781886223370 212908908
9781556132483 21334538
9781886857094 213362554
9780498067730 21607
9780714649122 223215196
9780807819654 22419905
9781934843109 224897188
9780979377150 226291486
9781557780539 22764138
9781557784995 22764138
9781599212401 229994468
9781886223370 230202174
9789984961361 230770613
9780080410241 23143523
9780814325025 231644219
9780853036951 237131827
9780313279850 23941065
9780910250191 23973223
9780910250184 23973223
9781886857094 254335125
9780951375334 25556978
9789653380691 255759515
9783718652891 26363124
9780140364019 26544583
9780691128436 266941148
9780881253764 26808739
9781870360104 26826638
9789734503063 268918070
9780978686000 276422342
9781557535269 276995029
9781422931691 277156400
9781563241741 27934786
9781563241734 27934786
9781870360104 28465777
9789607459022 28832935
9789754280357 29356599
9780969734208 29470180
9780521460095 29667883
9781881456087 29759649
9780814712306 30029680
9780814712269 30029680
9780960268672 30474549
9781885116000 30609551
9789759539214 30700760
9780814730799 31241621
9789730040357 314187849
9780827605183 32465195
9789989645020 34669512
9780691015545 37211148
9788085844146 37455708
9780874517965 37675739
9780060125530 3870216
9780691009544 43840165
9780691009537 43840165
9781874774402 44404151
9781874774594 44404151
9789652292353 45756078
9789652292575 45756078
9789653081130 45823882
9780967141800 46569447
9780253340740 47767026
9780141186955 48066683
9789985785409 51262036
9780066210742 51518311
9781589880023 51942676
9789004122512 53001052
9781886857063 53173060
9789985787083 53356420
9780595275168 54367289
9780881258318 54694483
9781578193707 54930194
9781578193691 54930194
9780375412981 56108793
9789607387035 57134437
9780620321051 57506083
9781928755074 58788980
9781871415452 59847831
9789653380585 60366280
9789637326301 60454203
9789653380455 61127999
9789653380639 61127999
9789989613500 61464843
9781419615016 63538778
9789754282788 70223876
9788089008193 72444664
9781587366093 74649403
9780914382010 7660988
9781426200465 76829057
9789631339895 77480904
9781858660110 77480904
9781858660141 77480904
9789985785409 81015203
9780865273443 8169399
9780804741590 84838741
9781845452063 87492949
9780873340168 8806575
9780896040472 9607907
9780896040472 9607907
